Feature	Gain	Cover	Frequency
ctrx_quarter	0.097445011728757	0.0473063008246354	0.0387759042347793
mpayroll	0.0639249293924382	0.0447862542349982	0.0132578195391942
cpayroll_trx	0.0582850086228031	0.0270614665939474	0.005213026129489
mpasivos_margen	0.0555824474564787	0.0272858961893803	0.0325009653752092
mcaja_ahorro	0.0545250927137202	0.027481862126379	0.0325009653752092
mtarjeta_visa_consumo	0.0542675120513685	0.0265540100058029	0.0288003604067448
mcuentas_saldo	0.0321899233744179	0.0325052928602919	0.035590166044536
mrentabilidad_annual	0.0316726227008637	0.0236871487939478	0.0270626850302484
Visa_msaldopesos	0.0282213701914287	0.0223647903379652	0.0216244046852877
mactivos_margen	0.0258688298922399	0.0280723403001284	0.0277062685030248
Master_fechaalta	0.0235849054826216	0.0335008230715412	0.0387759042347793
mprestamos_personales	0.0206514609351695	0.0202016747498485	0.00736903076329
Visa_fechaalta	0.0174088843401466	0.0128902869665088	0.0216565838589265
ctarjeta_visa_trx	0.0173817861881102	0.0111386706344354	0.0126464152400566
mrentabilidad	0.0168298093313413	0.0127587460041906	0.0189535332732655
numero_de_cliente	0.0159073008646484	0.0139135771008961	0.0200154460033466
Visa_msaldototal	0.0149560901982055	0.0237731461323678	0.0258076972583344
chomebanking_trx	0.0148602248544078	0.0145191199310634	0.0158321534302999
Master_Fvencimiento	0.0146332705008441	0.019562106244334	0.0219783755953147
mcomisiones_otras	0.0144542675377829	0.0125346985207949	0.0202728793924572
cliente_edad	0.014186311630952	0.0193589052593407	0.0209164628652336
ctarjeta_visa_trx2	0.0137989024550901	0.00979775982760993	0.0122924443300296
mcuenta_corriente	0.0136933487924533	0.0157105098551157	0.0148345990474965
Visa_Fvencimiento	0.0130830336987008	0.0109164024063174	0.0175376496331574
Visa_mpagominimo	0.0130726258607969	0.0158663496021959	0.0193075041832926
Visa_mpagospesos	0.0130426890438719	0.014295830770398	0.0174089329386021
mcomisiones	0.0129401353037195	0.0112044307882422	0.0195005792251255
cliente_antiguedad	0.0125509295487757	0.0123319017778795	0.0180203372377397
Visa_mconsumospesos	0.0122575315426304	0.0114264541105758	0.0202407002188184
mcaja_ahorro_dolares	0.0114721343891715	0.0202752969694716	0.0200798043506243
Master_mfinanciacion_limite	0.00972204852727269	0.0103041969585431	0.0149633157420517
Visa_mfinanciacion_limite	0.00954210169348825	0.00944489337691033	0.0130003861500837
ccomisiones_otras	0.00938553237085214	0.0169174276911061	0.0185352040159609
mautoservicio	0.00936459100623794	0.02279110639397	0.0264512807311108
mtransferencias_recibidas	0.00840549310396566	0.0083717368839951	0.0133221778864719
cprestamos_personales	0.00765643430561051	0.00320534166072014	0.00254215471746686
Master_mlimitecompra	0.00736865772666806	0.00824514124812028	0.0116488608572532
Visa_mlimitecompra	0.00722364007374887	0.0131178044402968	0.0111661732526709
Visa_mconsumototal	0.00684930170180075	0.00740991367550581	0.0129038486291672
active_quarter	0.00625545472112371	0.000363390022752264	0.00032179173638821
mtransferencias_emitidas	0.00613353276160516	0.00710141795654376	0.0109409190371991
Master_mpagospesos	0.00601807693580341	0.0189658786859934	0.00958939374436864
mtarjeta_visa_debitos_automaticos	0.00583482355183488	0.0062178937829597	0.0103616939117003
mcomisiones_mantenimiento	0.00557605060512555	0.00710596494225332	0.00633929720684773
mpagomiscuentas	0.00537980957581492	0.0115873926190486	0.00865619770884284
ctarjeta_debito_trx	0.00513578827771622	0.0158895035261823	0.0204015960870125
cproductos	0.00440067482863541	0.00430169781303929	0.00556699703951603
mcuenta_debitos_automaticos	0.00417877144686479	0.00836787445421326	0.00949285622345218
Visa_mpagado	0.00379714158436765	0.0104058874465389	0.00695070150598533
ccaja_ahorro	0.00346334162266975	0.0108975933470016	0.00379714248938087
Master_msaldopesos	0.0033185243475414	0.00524892552197482	0.00492341356673961
ctransferencias_emitidas	0.00323278522594971	0.00462966354186803	0.0047625176985455
ccomisiones_mantenimiento	0.00312386215641035	0.0123716915911783	0.00524520530312782
ctransferencias_recibidas	0.00307768515461531	0.0080566139554914	0.00440854678851847
Master_msaldototal	0.00304881395435967	0.00424692743747738	0.00498777191401725
Visa_cconsumos	0.00301896629851472	0.00321595522827192	0.00559917621315485
ccaja_seguridad	0.00249155226345179	0.00736535852676188	0.00209164628652336
mextraccion_autoservicio	0.0024523488342142	0.00904848090732577	0.0137405071437765
cpagomiscuentas	0.00229785368448077	0.00548131455540361	0.0047625176985455
Master_mpagominimo	0.00226274075206711	0.00232289743312551	0.00360406744754795
thomebanking	0.0022255219981598	0.00210136834836904	0.00186639207105162
ccuenta_debitos_automaticos	0.00217415898990859	0.00381030615915549	0.00524520530312782
mplazo_fijo_dolares	0.00188735423695385	0.0107790500952938	0.00241343802291157
ctarjeta_debito	0.00179929357398099	0.00349510651317713	0.00296048397477153
Visa_mconsumosdolares	0.00175362843723247	0.00261165168038748	0.00347535075299266
ccallcenter_trx	0.00169562280615503	0.00758082250501218	0.00279958810657742
cmobile_app_trx	0.00168030488246051	0.000606270170840595	0.00141588364010812
catm_trx	0.00163746563226055	0.00423195130122242	0.00382932166301969
mtarjeta_master_consumo	0.00162236439143186	0.00408281695649459	0.00328227571115974
Master_fultimo_cierre	0.00150568227803206	0.00220552854891442	0.00328227571115974
matm	0.00140377693441957	0.00381248965651115	0.00656455142231947
Master_mconsumospesos	0.00137989199259122	0.00309118458309235	0.00408675505213026
ctarjeta_visa_debitos_automaticos	0.00122562057214793	0.00206945240357508	0.00244561719655039
mtarjeta_visa_descuentos	0.00121763971921714	0.00987224511882301	0.00444072596215729
cseguro_accidentes_personales	0.00109663594484624	0.0027431129745589	0.00160895868194105
Visa_mpagosdolares	0.00105165500481372	0.00273025689620941	0.00167331702921869
tcallcenter	0.0010467433494001	0.0022234347025669	0.00119062942463638
tpaquete7	0.000985573158727152	0.00693601065517203	0.000965375209164629
Visa_fultimo_cierre	0.000920972893080584	0.00173580810628557	0.00244561719655039
cextraccion_autoservicio	0.000897927966148334	0.00368901288104841	0.00621058051229244
cplazo_fijo	0.000789876624051094	0.00398823611292916	0.000804479340970524
Master_mconsumototal	0.000755305901015187	0.00172171127031708	0.00250997554382803
Master_cconsumos	0.000641401984853668	0.00154241663069613	0.00115845025099755
Visa_Finiciomora	0.000543697082171546	0.00184701598714717	0.000450508430943493
Visa_delinquency	0.000526529210322885	0.00182837216546912	0.000579225125498777
Master_mpagosdolares	0.000489323410404636	0.000773093794821401	0.000772300167331703
ctarjeta_visa_descuentos	0.000391748387903457	0.00556086172460809	0.00267087141202214
ctarjeta_master_trx	0.000389612224397846	0.000494060536800285	0.00131934611919166
Visa_msaldodolares	0.000349391212036047	0.000653829103784617	0.000547045951859956
ccajas_trx	0.000330679578423683	0.000622233306913753	0.000579225125498777
Master_mconsumosdolares	0.000308760279253531	0.000827164861095082	0.00151242116102459
ccajas_consultas	0.000301574899181404	0.00263068794145513	0.000450508430943493
tpaquete9	0.000224854096886197	0.0019973365020601	0.00032179173638821
cseguro_vida	0.000219512907557391	0.000800189816736338	0.000482687604582314
mttarjeta_master_debitos_automaticos	0.000196933546273719	0.000369605613535648	0.000482687604582314
Master_mpagado	0.000155886836476331	0.000592297263100403	0.000482687604582314
minversion2	0.000151574092336546	0.00178616575171857	0.000257433389110568
mdescubierto_preacordado	0.000119973729306421	0.000131098361502847	0.000160895868194105
Visa_madelantopesos	0.000111769341268139	0.00011584633740633	0.000353970910027031
ctarjeta_master_debitos_automaticos	0.000106501044924435	0.00069720103301555	0.000225254215471747
ctarjeta_master	0.000101828099767738	0.00035759490274345	0.000160895868194105
Master_madelantodolares	9.94906983766053e-05	5.97481593984052e-05	0.000160895868194105
mcheques_depositados	8.87878487753073e-05	0.000455183956517126	0.000160895868194105
Master_msaldodolares	8.07549397094094e-05	4.02692975154198e-05	6.43583472776419e-05
mcheques_emitidos	7.74548078824691e-05	0.00047030172503299	6.43583472776419e-05
matm_other	6.38261842219561e-05	0.000484007596947928	0.000740120993692882
cseguro_vivienda	6.00854088944484e-05	0.000176442815034132	0.000160895868194105
minversion1_pesos	5.98262542997777e-05	0.000685907335544198	9.65375209164629e-05
Visa_cadelantosefectivo	4.74452775708308e-05	1.63644274790634e-05	3.2179173638821e-05
Master_status	4.38953193309525e-05	2.57239593873918e-05	9.65375209164629e-05
Visa_madelantodolares	4.08847448453097e-05	0.000160956212505487	0.000257433389110568
mcaja_ahorro_adicional	3.28297761047818e-05	0.000268070035825217	6.43583472776419e-05
Master_madelantopesos	2.85630039633988e-05	0.000180082469072254	0.00032179173638821
mforex_sell	1.97958914125595e-05	0.00020884562072496	0.000289612562749389
internet	1.78203211806458e-05	3.31389983803392e-05	3.2179173638821e-05
Visa_status	1.67693742186303e-05	8.88078535973875e-05	9.65375209164629e-05
catm_trx_other	1.04854095769828e-05	0.000174780111304515	0.000418329257304672
cforex_sell	9.73141375546194e-06	0.000109064217579315	0.000160895868194105
cforex	7.99688350660844e-06	0.000201558935968461	0.000289612562749389
ctarjeta_visa	6.61576520355756e-06	4.21060908990687e-05	6.43583472776419e-05
Master_delinquency	6.03400319843336e-06	7.92993127478957e-06	3.2179173638821e-05
mcajeros_propios_descuentos	1.5477026755835e-06	8.46518319413722e-05	6.43583472776419e-05
Master_cadelantosefectivo	3.15777432262142e-12	1.63334454219898e-05	6.43583472776419e-05
ccajeros_propios_descuentos	5.91957417097026e-13	0.00018288708290544	0.000225254215471747
