fecha	objective	metric	first_metric_only	boost_from_average	feature_pre_filter	verbosity	seed	max_depth	min_gain_to_split	lambda_l1	lambda_l2	max_bin	num_iterations	force_row_wise	seed	learning_rate	feature_fraction	min_data_in_leaf	num_leaves	prob_corte	ganancia	iteracion
20220528 212421	binary	custom	TRUE	TRUE	FALSE	-100	103087	-1	0	0	0	31	50	TRUE	999983	0.109208589256159	0.360013547809795	2775	839	0.0300894003531236	11034000	1
20220528 212433	binary	custom	TRUE	TRUE	FALSE	-100	103087	-1	0	0	0	31	18	TRUE	999983	0.235990157033433	0.62296605637297	1292	589	0.0227063187334958	11140000	2
20220528 212447	binary	custom	TRUE	TRUE	FALSE	-100	103087	-1	0	0	0	31	47	TRUE	999983	0.159998208486824	0.490345199527219	5698	653	0.0411668206526277	9715000	3
20220528 212504	binary	custom	TRUE	TRUE	FALSE	-100	103087	-1	0	0	0	31	109	TRUE	999983	0.0846539250283968	0.756827044123784	2956	1010	0.025731965599698	12220000	4
20220528 212531	binary	custom	TRUE	TRUE	FALSE	-100	103087	-1	0	0	0	31	28	TRUE	999983	0.0727776479825843	0.85640442754142	371	448	0.0249282919525285	10040000	5
20220528 212540	binary	custom	TRUE	TRUE	FALSE	-100	103087	-1	0	0	0	31	20	TRUE	999983	0.218746847917908	0.596336650177836	5284	325	0.0394509466539603	10069000	6
20220528 212556	binary	custom	TRUE	TRUE	FALSE	-100	103087	-1	0	0	0	31	92	TRUE	999983	0.0607737189159961	0.945934474226087	4511	499	0.0281500005459141	11716000	7
20220528 212606	binary	custom	TRUE	TRUE	FALSE	-100	103087	-1	0	0	0	31	17	TRUE	999983	0.265421852743952	0.795648923479021	1134	529	0.0199486304215194	11058000	8
20220528 212621	binary	custom	TRUE	TRUE	FALSE	-100	103087	-1	0	0	0	31	67	TRUE	999983	0.14182804087922	0.428860311852768	7587	377	0.0108691672120282	12418000	9
20220528 212652	binary	custom	TRUE	TRUE	FALSE	-100	103087	-1	0	0	0	31	128	TRUE	999983	0.0454818541021086	0.555940400976688	1911	62	0.0430865393966087	8771000	10
20220528 212701	binary	custom	TRUE	TRUE	FALSE	-100	103087	-1	0	0	0	31	37	TRUE	999983	0.275259442158975	0.906392715172842	3928	241	0.0493720738983636	7534000	11
20220528 212711	binary	custom	TRUE	TRUE	FALSE	-100	103087	-1	0	0	0	31	68	TRUE	999983	0.130019048636663	0.698696161843836	6578	744	0.0373864049824382	9830000	12
20220528 212722	binary	custom	TRUE	TRUE	FALSE	-100	103087	-1	0	0	0	31	39	TRUE	999983	0.189464928922011	0.242834900552407	4064	922	0.0138778567202583	13273000	13
20220528 212806	binary	custom	TRUE	TRUE	FALSE	-100	103087	-1	0	0	0	31	240	TRUE	999983	0.0382292513812426	0.445331968823448	2104	103	0.0167052618834229	13685000	14
20220528 212815	binary	custom	TRUE	TRUE	FALSE	-100	103087	-1	0	0	0	31	27	TRUE	999983	0.20628497922048	0.229960667556152	3507	313	0.0341821628127946	10775000	15
20220528 212824	binary	custom	TRUE	TRUE	FALSE	-100	103087	-1	0	0	0	31	24	TRUE	999983	0.24373540842603	0.318441795054823	6183	963	0.0477257505151404	7425000	16
20220528 212835	binary	custom	TRUE	TRUE	FALSE	-100	103087	-1	0	0	0	31	57	TRUE	999983	0.113469942620839	0.991711093001068	7157	813	0.00836186735784092	10875000	17
20220528 212841	binary	custom	TRUE	TRUE	FALSE	-100	103087	-1	0	0	0	31	14	TRUE	999983	0.289406668152427	0.810450050495565	5197	131	0.0162591224958305	12468000	18
20220528 212938	binary	custom	TRUE	TRUE	FALSE	-100	103087	-1	0	0	0	31	361	TRUE	999983	0.0174298074628459	0.3563439022284	7880	212	0.0444025547549245	8614000	19
20220528 212954	binary	custom	TRUE	TRUE	FALSE	-100	103087	-1	0	0	0	31	13	TRUE	999983	0.17418704099243	0.671533466875553	428	697	0.0329931133785673	6913000	20
20220528 213023	binary	custom	TRUE	TRUE	FALSE	-100	103087	-1	0	0	0	31	204	TRUE	999983	0.0593240834850354	0.250355184500692	4129	378	0.0179240233335446	13201000	21
20220528 213036	binary	custom	TRUE	TRUE	FALSE	-100	103087	-1	0	0	0	31	36	TRUE	999983	0.119371714707846	0.331483529216599	2915	62	0.0122856619631443	12139000	22
20220528 213300	binary	custom	TRUE	TRUE	FALSE	-100	103087	-1	0	0	0	31	955	TRUE	999983	0.0100294754031282	0.507459930722031	3679	70	0.0208493570220732	12969000	23
20220528 213321	binary	custom	TRUE	TRUE	FALSE	-100	103087	-1	0	0	0	31	143	TRUE	999983	0.102794358073407	0.280948031160484	5320	960	0.0206802841247042	12966000	24
20220528 213503	binary	custom	TRUE	TRUE	FALSE	-100	103087	-1	0	0	0	31	573	TRUE	999983	0.0110862908223763	0.406655692565422	2846	870	0.0162426400349989	13749000	25
20220528 213528	binary	custom	TRUE	TRUE	FALSE	-100	103087	-1	0	0	0	31	84	TRUE	999983	0.0737729092753813	0.289972174741593	2521	1024	0.0164411947165291	13309000	26
20220528 213614	binary	custom	TRUE	TRUE	FALSE	-100	103087	-1	0	0	0	31	227	TRUE	999983	0.0252864840599157	0.468268080650305	3665	650	0.0158666562111823	13931000	27
20220528 213711	binary	custom	TRUE	TRUE	FALSE	-100	103087	-1	0	0	0	31	403	TRUE	999983	0.0145950451160664	0.733601574984575	3162	264	0.0159114291321021	13667000	28
20220528 213744	binary	custom	TRUE	TRUE	FALSE	-100	103087	-1	0	0	0	31	181	TRUE	999983	0.0524087136494855	0.532030796399957	4527	770	0.0162152002534783	13291000	29
20220528 213915	binary	custom	TRUE	TRUE	FALSE	-100	103087	-1	0	0	0	31	459	TRUE	999983	0.010210934068687	0.349519910703386	2632	589	0.015377061187779	13943000	30
20220528 214015	binary	custom	TRUE	TRUE	FALSE	-100	103087	-1	0	0	0	31	281	TRUE	999983	0.0188388065900111	0.472072796160032	3082	567	0.0164841351881203	13833000	31
20220528 214212	binary	custom	TRUE	TRUE	FALSE	-100	103087	-1	0	0	0	31	879	TRUE	999983	0.0101806335984182	0.214634360608203	3255	670	0.0155784655796535	13706000	32
20220528 214405	binary	custom	TRUE	TRUE	FALSE	-100	103087	-1	0	0	0	31	604	TRUE	999983	0.010033568620415	0.459494735645603	2848	644	0.0143097465746432	13563000	33
20220528 214416	binary	custom	TRUE	TRUE	FALSE	-100	103087	-1	0	0	0	31	52	TRUE	999983	0.210556792740091	0.203145749944479	7074	864	0.0257803358301474	12489000	34
20220528 214542	binary	custom	TRUE	TRUE	FALSE	-100	103087	-1	0	0	0	31	389	TRUE	999983	0.0104176570139267	0.421732370716997	3598	281	0.015774645515363	13720000	35
20220528 214704	binary	custom	TRUE	TRUE	FALSE	-100	103087	-1	0	0	0	31	324	TRUE	999983	0.014295633956303	0.452813371555196	2086	610	0.0157204686314619	13770000	36
20220528 214717	binary	custom	TRUE	TRUE	FALSE	-100	103087	-1	0	0	0	31	34	TRUE	999983	0.1539883693071	0.350549385030766	3578	628	0.0157366076413904	12659000	37
20220528 214726	binary	custom	TRUE	TRUE	FALSE	-100	103087	-1	0	0	0	31	25	TRUE	999983	0.296245940014048	0.284484698541077	4890	1024	0.0155177595958013	12227000	38
20220528 214801	binary	custom	TRUE	TRUE	FALSE	-100	103087	-1	0	0	0	31	254	TRUE	999983	0.0327073599234907	0.798337961089762	6079	65	0.0157376336873133	13190000	39
20220528 214904	binary	custom	TRUE	TRUE	FALSE	-100	103087	-1	0	0	0	31	450	TRUE	999983	0.0257461931774955	0.368207234422425	3836	593	0.0157349692243935	13864000	40
20220528 215035	binary	custom	TRUE	TRUE	FALSE	-100	103087	-1	0	0	0	31	540	TRUE	999983	0.0104929622944433	0.334980779970908	3823	820	0.0230104548809086	12735000	41
20220528 215046	binary	custom	TRUE	TRUE	FALSE	-100	103087	-1	0	0	0	31	24	TRUE	999983	0.208137034110025	0.389852772802165	7931	103	0.0217001934029292	12706000	42
20220528 215227	binary	custom	TRUE	TRUE	FALSE	-100	103087	-1	0	0	0	31	642	TRUE	999983	0.0100886741739265	0.554945185788148	7986	602	0.0186711468781335	13283000	43
20220528 215240	binary	custom	TRUE	TRUE	FALSE	-100	103087	-1	0	0	0	31	80	TRUE	999983	0.183385135694815	0.261358917530808	7981	1024	0.0129292264215952	12657000	44
20220528 215334	binary	custom	TRUE	TRUE	FALSE	-100	103087	-1	0	0	0	31	451	TRUE	999983	0.0117949889595692	0.984153202474898	3523	17	0.0177062719742447	13070000	45
20220528 215351	binary	custom	TRUE	TRUE	FALSE	-100	103087	-1	0	0	0	31	96	TRUE	999983	0.0768772719790236	0.252088231686293	7986	276	0.0266036073090018	12105000	46
20220528 215402	binary	custom	TRUE	TRUE	FALSE	-100	103087	-1	0	0	0	31	31	TRUE	999983	0.222314642761686	0.226874377173799	2638	1024	0.0105968649638093	12669000	47
20220528 215450	binary	custom	TRUE	TRUE	FALSE	-100	103087	-1	0	0	0	31	227	TRUE	999983	0.0222686135626641	0.366101265865759	2622	410	0.0156938885029715	13725000	48
20220528 215530	binary	custom	TRUE	TRUE	FALSE	-100	103087	-1	0	0	0	31	249	TRUE	999983	0.0294039764688557	0.411291296027418	8000	122	0.0180763071196602	13591000	49
20220528 215610	binary	custom	TRUE	TRUE	FALSE	-100	103087	-1	0	0	0	31	290	TRUE	999983	0.0273729559196952	0.60833715497287	6104	200	0.0186325582983682	13226000	50
20220528 215759	binary	custom	TRUE	TRUE	FALSE	-100	103087	-1	0	0	0	31	543	TRUE	999983	0.0105736045027797	0.510506756369933	3584	1004	0.0153467146210387	13684000	51
20220528 215808	binary	custom	TRUE	TRUE	FALSE	-100	103087	-1	0	0	0	31	26	TRUE	999983	0.217935832168907	0.282951430941787	7997	21	0.0149924785722579	12553000	52
20220528 215929	binary	custom	TRUE	TRUE	FALSE	-100	103087	-1	0	0	0	31	625	TRUE	999983	0.0100486717396314	0.90913885619664	3539	646	0.015511257258981	13423000	53
20220528 220110	binary	custom	TRUE	TRUE	FALSE	-100	103087	-1	0	0	0	31	674	TRUE	999983	0.0106458024325216	0.422019516720468	7834	639	0.0153638355910542	13582000	54
20220528 220200	binary	custom	TRUE	TRUE	FALSE	-100	103087	-1	0	0	0	31	214	TRUE	999983	0.0222533800307271	0.568286300509632	8000	317	0.0155285219868387	13260000	55
20220528 220349	binary	custom	TRUE	TRUE	FALSE	-100	103087	-1	0	0	0	31	767	TRUE	999983	0.0104744788766515	0.329904074721654	2788	20	0.0176112042942565	13467000	56
20220528 220455	binary	custom	TRUE	TRUE	FALSE	-100	103087	-1	0	0	0	31	330	TRUE	999983	0.0121045852557144	0.388102161448137	7683	1024	0.0272772688235624	11937000	57
20220528 220504	binary	custom	TRUE	TRUE	FALSE	-100	103087	-1	0	0	0	31	24	TRUE	999983	0.299706848229686	0.201041534203151	4664	79	0.0263648995635146	11905000	58
20220528 220520	binary	custom	TRUE	TRUE	FALSE	-100	103087	-1	0	0	0	31	59	TRUE	999983	0.0976114068259332	0.499509672076192	7927	22	0.0179453043006926	13044000	59
20220528 220702	binary	custom	TRUE	TRUE	FALSE	-100	103087	-1	0	0	0	31	540	TRUE	999983	0.011890167820395	0.474037108903847	2641	120	0.0154867679583795	13887000	60
20220528 220834	binary	custom	TRUE	TRUE	FALSE	-100	103087	-1	0	0	0	31	217	TRUE	999983	0.010468243873722	0.394765815289565	11	121	0.0153943024298082	10775000	61
20220528 220913	binary	custom	TRUE	TRUE	FALSE	-100	103087	-1	0	0	0	31	188	TRUE	999983	0.0323192639413913	0.408805017222243	2827	166	0.0163240544661512	13715000	62
20220528 221059	binary	custom	TRUE	TRUE	FALSE	-100	103087	-1	0	0	0	31	659	TRUE	999983	0.010088223285995	0.349206284250738	3799	924	0.0156287200551364	13757000	63
20220528 221147	binary	custom	TRUE	TRUE	FALSE	-100	103087	-1	0	0	0	31	66	TRUE	999983	0.0105403450833672	0.33597411837366	7997	79	0.00837416542551782	10826000	64
20220528 221325	binary	custom	TRUE	TRUE	FALSE	-100	103087	-1	0	0	0	31	465	TRUE	999983	0.0103770299618318	0.443202594282951	2759	638	0.015519259644336	13781000	65
20220528 221354	binary	custom	TRUE	TRUE	FALSE	-100	103087	-1	0	0	0	31	172	TRUE	999983	0.0311156877041078	0.662161022830015	3612	920	0.0173043107146572	13427000	66
20220528 221403	binary	custom	TRUE	TRUE	FALSE	-100	103087	-1	0	0	0	31	24	TRUE	999983	0.263491078190594	0.200854120120036	8000	419	0.0179191827700026	12661000	67
20220528 221428	binary	custom	TRUE	TRUE	FALSE	-100	103087	-1	0	0	0	31	166	TRUE	999983	0.0405588678530525	0.202378824143537	7191	123	0.0167263249762095	13334000	68
20220528 221441	binary	custom	TRUE	TRUE	FALSE	-100	103087	-1	0	0	0	31	27	TRUE	999983	0.205759654851782	0.472494257837929	3702	1024	0.0203377944563714	12072000	69
20220528 221528	binary	custom	TRUE	TRUE	FALSE	-100	103087	-1	0	0	0	31	228	TRUE	999983	0.0244567471358239	0.551970385266049	3592	96	0.0160620246652196	13657000	70
20220528 221558	binary	custom	TRUE	TRUE	FALSE	-100	103087	-1	0	0	0	31	156	TRUE	999983	0.0360349601620437	0.33053710273341	6752	652	0.0168238966109515	13699000	71
20220528 221745	binary	custom	TRUE	TRUE	FALSE	-100	103087	-1	0	0	0	31	679	TRUE	999983	0.0105715252701108	0.291063277235678	2365	133	0.0164354584704506	13761000	72
20220528 221805	binary	custom	TRUE	TRUE	FALSE	-100	103087	-1	0	0	0	31	100	TRUE	999983	0.240878227384937	0.200071241274041	6219	873	0.0104589931297815	11826000	73
20220528 221901	binary	custom	TRUE	TRUE	FALSE	-100	103087	-1	0	0	0	31	347	TRUE	999983	0.0160872744845093	0.81779858345965	2414	114	0.015612269379529	13573000	74
20220528 221942	binary	custom	TRUE	TRUE	FALSE	-100	103087	-1	0	0	0	31	191	TRUE	999983	0.0247691266932501	0.270166297618001	2273	884	0.0152357833312833	13645000	75
20220528 221950	binary	custom	TRUE	TRUE	FALSE	-100	103087	-1	0	0	0	31	19	TRUE	999983	0.184746902055124	0.998144619265943	7993	236	0.0159016747213791	12910000	76
20220528 222013	binary	custom	TRUE	TRUE	FALSE	-100	103087	-1	0	0	0	31	181	TRUE	999983	0.0807216842744758	0.23109983022026	7998	656	0.0176061151934901	13117000	77
20220528 222115	binary	custom	TRUE	TRUE	FALSE	-100	103087	-1	0	0	0	31	555	TRUE	999983	0.0110064742283598	0.998950045629349	6989	598	0.017088066417444	12752000	78
20220528 222122	binary	custom	TRUE	TRUE	FALSE	-100	103087	-1	0	0	0	31	17	TRUE	999983	0.299873436763418	0.993101114160888	7992	333	0.0248555705082787	12050000	79
20220528 222130	binary	custom	TRUE	TRUE	FALSE	-100	103087	-1	0	0	0	31	35	TRUE	999983	0.299997022663446	0.990189475847685	7992	125	0.0114744099129019	11898000	80
20220528 222159	binary	custom	TRUE	TRUE	FALSE	-100	103087	-1	0	0	0	31	180	TRUE	999983	0.0306231869160857	0.996144914450392	3726	263	0.0152880750767794	13116000	81
20220528 222208	binary	custom	TRUE	TRUE	FALSE	-100	103087	-1	0	0	0	31	14	TRUE	999983	0.29742388564167	0.200711298849654	2069	259	0.0177253397370838	12264000	82
20220528 222300	binary	custom	TRUE	TRUE	FALSE	-100	103087	-1	0	0	0	31	327	TRUE	999983	0.0259175111710366	0.34549029064142	3542	848	0.0158976901270236	13613000	83
20220528 222404	binary	custom	TRUE	TRUE	FALSE	-100	103087	-1	0	0	0	31	447	TRUE	999983	0.0248896285856639	0.463733077942138	5674	611	0.0165348780337823	13486000	84
20220528 222419	binary	custom	TRUE	TRUE	FALSE	-100	103087	-1	0	0	0	31	40	TRUE	999983	0.0991238754380085	0.469757596372802	6960	953	0.0158810417022557	13042000	85
20220528 222426	binary	custom	TRUE	TRUE	FALSE	-100	103087	-1	0	0	0	31	24	TRUE	999983	0.275469653538661	0.995465180005531	2376	16	0.0246252297416213	11714000	86
20220528 222557	binary	custom	TRUE	TRUE	FALSE	-100	103087	-1	0	0	0	31	488	TRUE	999983	0.0116491010467569	0.340619590969864	2365	563	0.0166592125404823	13790000	87
20220528 222738	binary	custom	TRUE	TRUE	FALSE	-100	103087	-1	0	0	0	31	697	TRUE	999983	0.0110461740763718	0.243642503106912	2534	551	0.0151279468581756	13638000	88
20220528 222923	binary	custom	TRUE	TRUE	FALSE	-100	103087	-1	0	0	0	31	700	TRUE	999983	0.0102003400976201	0.408303033544924	7154	390	0.0186640587860243	13231000	89
20220528 223205	binary	custom	TRUE	TRUE	FALSE	-100	103087	-1	0	0	0	31	1555	TRUE	999983	0.0105424250090548	0.220894182542394	4238	661	0.0147719609210187	13665000	90
20220528 223325	binary	custom	TRUE	TRUE	FALSE	-100	103087	-1	0	0	0	31	599	TRUE	999983	0.0101171219219088	0.995631896051447	3659	976	0.020889614934018	12733000	91
20220528 223339	binary	custom	TRUE	TRUE	FALSE	-100	103087	-1	0	0	0	31	54	TRUE	999983	0.051896713935697	0.853893382791073	7999	154	0.0192134312856239	12910000	92
20220528 223503	binary	custom	TRUE	TRUE	FALSE	-100	103087	-1	0	0	0	31	692	TRUE	999983	0.010202950281939	0.767836468141095	3823	599	0.0178471426986738	13528000	93
20220528 223529	binary	custom	TRUE	TRUE	FALSE	-100	103087	-1	0	0	0	31	147	TRUE	999983	0.0435694511910952	0.327054644164167	7518	241	0.0159994967081372	13387000	94
20220528 223715	binary	custom	TRUE	TRUE	FALSE	-100	103087	-1	0	0	0	31	609	TRUE	999983	0.010127980011982	0.960914145955901	1607	1024	0.0158289840523667	13604000	95
20220528 223905	binary	custom	TRUE	TRUE	FALSE	-100	103087	-1	0	0	0	31	455	TRUE	999983	0.0100380583300184	0.489868577574654	2007	962	0.0158013351392619	13728000	96
20220528 223919	binary	custom	TRUE	TRUE	FALSE	-100	103087	-1	0	0	0	31	55	TRUE	999983	0.102671043885591	0.999481565284751	2504	1022	0.0147465812420966	13049000	97
20220528 224131	binary	custom	TRUE	TRUE	FALSE	-100	103087	-1	0	0	0	31	994	TRUE	999983	0.0122212189239466	0.992795831840243	1689	1024	0.00839337956682647	12349000	98
20220528 224322	binary	custom	TRUE	TRUE	FALSE	-100	103087	-1	0	0	0	31	580	TRUE	999983	0.0101178640154818	0.481307912328362	6918	675	0.0161341056058671	13295000	99
20220528 224329	binary	custom	TRUE	TRUE	FALSE	-100	103087	-1	0	0	0	31	21	TRUE	999983	0.196874335596748	0.73400493176971	7994	702	0.0165797147903625	13263000	100
20220528 224512	binary	custom	TRUE	TRUE	FALSE	-100	103087	-1	0	0	0	31	672	TRUE	999983	0.0100313081460849	0.993505706308342	2044	588	0.0165808732582203	13505000	101
20220528 224651	binary	custom	TRUE	TRUE	FALSE	-100	103087	-1	0	0	0	31	660	TRUE	999983	0.0100496625173837	0.624897114706843	3890	544	0.0162562640258509	13565000	102
20220528 224719	binary	custom	TRUE	TRUE	FALSE	-100	103087	-1	0	0	0	31	236	TRUE	999983	0.028546240828754	0.73572268321317	7996	1021	0.0167061395094784	13279000	103
20220528 224752	binary	custom	TRUE	TRUE	FALSE	-100	103087	-1	0	0	0	31	343	TRUE	999983	0.0406400529970926	0.746220030293753	6095	1024	0.0227560771179014	12636000	104
20220528 224926	binary	custom	TRUE	TRUE	FALSE	-100	103087	-1	0	0	0	31	361	TRUE	999983	0.0100321250223619	0.77107553621559	2123	904	0.0163156058952554	13578000	105
20220528 225036	binary	custom	TRUE	TRUE	FALSE	-100	103087	-1	0	0	0	31	438	TRUE	999983	0.0122979182597573	0.200018408077206	6076	627	0.0177111033863282	13324000	106
20220528 225108	binary	custom	TRUE	TRUE	FALSE	-100	103087	-1	0	0	0	31	129	TRUE	999983	0.0452296767162032	0.477655675145355	2381	626	0.0160501953826511	13519000	107
20220528 225116	binary	custom	TRUE	TRUE	FALSE	-100	103087	-1	0	0	0	31	20	TRUE	999983	0.241697345864678	0.968621562822372	8000	1024	0.0179717634203723	12554000	108
20220528 225127	binary	custom	TRUE	TRUE	FALSE	-100	103087	-1	0	0	0	31	45	TRUE	999983	0.166869178665598	0.200127038237928	6282	129	0.0183392530943042	12742000	109
20220528 225135	binary	custom	TRUE	TRUE	FALSE	-100	103087	-1	0	0	0	31	22	TRUE	999983	0.299861738959661	0.710790488682057	7997	121	0.0176867585231557	13027000	110
20220528 225220	binary	custom	TRUE	TRUE	FALSE	-100	103087	-1	0	0	0	31	223	TRUE	999983	0.018736426670619	0.715712862746208	4069	87	0.0167926880787137	13300000	111
20220528 225233	binary	custom	TRUE	TRUE	FALSE	-100	103087	-1	0	0	0	31	19	TRUE	999983	0.193632809477741	0.932904425821745	6295	207	0.0187214310728434	12815000	112
20220528 225244	binary	custom	TRUE	TRUE	FALSE	-100	103087	-1	0	0	0	31	28	TRUE	999983	0.280558385580261	0.468747395187011	7996	600	0.014613610710542	12878000	113
20220528 225301	binary	custom	TRUE	TRUE	FALSE	-100	103087	-1	0	0	0	31	52	TRUE	999983	0.058157282970119	0.998849256269416	1709	44	0.0156404658213021	13255000	114
20220528 225325	binary	custom	TRUE	TRUE	FALSE	-100	103087	-1	0	0	0	31	137	TRUE	999983	0.0501818796166686	0.893235034791921	2954	250	0.0170632163725239	13140000	115
20220528 225507	binary	custom	TRUE	TRUE	FALSE	-100	103087	-1	0	0	0	31	473	TRUE	999983	0.0100567212179054	0.364771940580466	1966	179	0.0154441088466618	13925000	116
20220528 225516	binary	custom	TRUE	TRUE	FALSE	-100	103087	-1	0	0	0	31	12	TRUE	999983	0.29982568147916	0.522575415388494	1524	19	0.00839346694025683	11338000	117
20220528 225525	binary	custom	TRUE	TRUE	FALSE	-100	103087	-1	0	0	0	31	27	TRUE	999983	0.230583022651436	0.718168641563743	7220	386	0.0160720014320244	12763000	118
20220528 225609	binary	custom	TRUE	TRUE	FALSE	-100	103087	-1	0	0	0	31	282	TRUE	999983	0.0318113461307863	0.404141677715698	6620	36	0.0175206863157519	13403000	119
20220528 225736	binary	custom	TRUE	TRUE	FALSE	-100	103087	-1	0	0	0	31	441	TRUE	999983	0.0101871863079057	0.277418677740343	2822	1020	0.015457769004172	13370000	120
