leaves	gamma	alpha	lambda	subsample	tree_method	grow_policy	max_bin	max_depth	scale_pos_weight	eta	colsample_bytree	min_child_weight	max_leaves	prob_corte	nrounds	ganancia	iteracion
20220529 010835	0	0	0	1	hist	lossguide	256	0	1	0.0100633456504836	0.568781307215688	10	8	0.0147384455506928	644	13922000	79
20220528 234505	0	0	0	1	hist	lossguide	256	0	1	0.0101197524579148	0.573495737760379	8	6	0.0144275831006172	966	13919000	47
20220529 010407	0	0	0	1	hist	lossguide	256	0	1	0.298700083250294	0.547070912334649	8	2	0.0143692763361062	252	13814000	75
20220528 230634	0	0	0	1	hist	lossguide	256	0	1	0.0378957840153417	0.586496714092348	10	1023	0.0157187189697953	60	13785000	33
20220528 232317	0	0	0	1	hist	lossguide	256	0	1	0.0541501144808035	0.551752877055016	10	1024	0.0134900751673671	51	13727000	40
20220528 234828	0	0	0	1	hist	lossguide	256	0	1	0.0105526691553488	0.733520975016191	7	6	0.0140718677600188	832	13703000	48
20220529 021158	0	0	0	1	hist	lossguide	256	0	1	0.054974143943183	0.41033872650253	10	1024	0.0110895465958476	72	13695000	108
20220529 022829	0	0	0	1	hist	lossguide	256	0	1	0.0155990054455023	0.572474834235245	9	320	0.0147233408389287	139	13634000	116
20220528 232223	0	0	0	1	hist	lossguide	256	0	1	0.0100557159640921	0.633335648066613	10	1024	0.0151696927145312	278	13615000	39
20220529 002830	0	0	0	1	hist	lossguide	256	0	1	0.0100163790870353	0.276898047752072	10	620	0.0140126136449979	417	13601000	63
20220529 011420	0	0	0	1	hist	lossguide	256	0	1	0.0103189361346859	0.584554424846882	10	524	0.0148823894937585	263	13587000	85
20220529 010156	0	0	0	1	hist	lossguide	256	0	1	0.0103811395781165	0.577390606529305	10	1014	0.0135197163112273	212	13581000	72
20220528 231114	0	0	0	1	hist	lossguide	256	0	1	0.0101952035804997	0.402686162758514	10	1024	0.0140491245848614	242	13571000	35
20220529 015506	0	0	0	1	hist	lossguide	256	0	1	0.0103390353039297	0.201386524899817	5	3	0.0141215271792821	1935	13556000	100
20220528 225228	0	0	0	1	hist	lossguide	256	0	1	0.0101051687315987	0.69392016721492	10	6	0.0148765941378253	794	13541000	29
20220529 010524	0	0	0	1	hist	lossguide	256	0	1	0.299802739497538	0.559921248327335	10	2	0.0154013032439519	164	13479000	78
20220529 012050	0	0	0	1	hist	lossguide	256	0	1	0.0109909673500495	0.785371935005113	10	44	0.0140179650620659	267	13467000	88
20220529 020320	0	0	0	1	hist	lossguide	256	0	1	0.0100852683301624	0.345570409599189	10	698	0.0115953274312293	485	13444000	104
20220529 000945	0	0	0	1	hist	lossguide	256	0	1	0.0100166314199361	0.578683865362289	8	1019	0.0132361016959356	237	13422000	56
20220529 023240	0	0	0	1	hist	lossguide	256	0	1	0.0145587879685135	0.605112071267873	10	739	0.0147685430152955	146	13398000	119
20220528 224846	0	0	0	1	hist	lossguide	256	0	1	0.0101306671358571	0.793358935970898	10	1024	0.0106375897768848	401	13394000	28
20220529 014525	0	0	0	1	hist	lossguide	256	0	1	0.0102554977554318	0.86074079555979	10	1024	0.0146208742454957	259	13360000	96
20220528 224425	0	0	0	1	hist	lossguide	256	0	1	0.0103178571362019	0.778397064141959	7	1024	0.0135726967475707	205	13336000	27
20220529 003321	0	0	0	1	hist	lossguide	256	0	1	0.0100261903435419	0.602457855712098	7	625	0.0138024572805508	266	13329000	65
20220529 014624	0	0	0	1	hist	lossguide	256	0	1	0.154648339103877	0.200035849235269	7	2	0.0149723490788407	395	13323000	97
20220529 010939	0	0	0	1	hist	lossguide	256	0	1	0.298399739854723	0.571193681912846	9	2	0.012901961947539	104	13321000	82
20220528 235212	0	0	0	1	hist	lossguide	256	0	1	0.0100670793740474	0.504392504974064	10	382	0.0145094790954926	352	13315000	49
20220529 002005	0	0	0	1	hist	lossguide	256	0	1	0.045426083272636	0.601154970549035	6	1024	0.0125873565960413	38	13294000	61
20220529 000239	0	0	0	1	hist	lossguide	256	0	1	0.0100396192934526	0.539223428554286	8	150	0.0133744431031568	196	13292000	54
20220529 004308	0	0	0	1	hist	lossguide	256	0	1	0.0103318132884655	0.817829548086599	6	665	0.0117053995397276	224	13276000	67
20220529 010327	0	0	0	1	hist	lossguide	256	0	1	0.205822923363188	0.426463941829139	8	3	0.0141292831352096	116	13274000	74
20220528 225609	0	0	0	1	hist	lossguide	256	0	1	0.0100079364285731	0.745807285065204	10	241	0.0116720022707811	324	13258000	30
20220529 010252	0	0	0	1	hist	lossguide	256	0	1	0.0541552979843033	0.380920931537135	10	606	0.0145178882011792	65	13243000	73
20220529 001258	0	0	0	1	hist	lossguide	256	0	1	0.0103004172922897	0.860684947630987	10	434	0.0138838167200788	209	13234000	57
20220529 002411	0	0	0	1	hist	lossguide	256	0	1	0.010493851428132	0.203053396117063	10	1024	0.0111458636607211	487	13202000	62
20220528 231514	0	0	0	1	hist	lossguide	256	0	1	0.010279796203893	0.531416488806649	10	637	0.0172389834464778	324	13194000	37
20220529 014954	0	0	0	1	hist	lossguide	256	0	1	0.0104276356236129	0.737718395440257	10	404	0.015009308326712	153	13185000	99
20220528 232955	0	0	0	1	hist	lossguide	256	0	1	0.0366736573670365	0.525409311729146	10	939	0.0157625434935628	71	13170000	43
20220529 005848	0	0	0	1	hist	lossguide	256	0	1	0.0100228878546124	0.815661627709827	7	263	0.0137602257568166	162	13168000	71
20220529 021659	0	0	0	1	hist	lossguide	256	0	1	0.130860654481188	0.200143018428813	10	2	0.0143518961740829	246	13160000	110
20220529 005522	0	0	0	1	hist	lossguide	256	0	1	0.0145052155115752	0.20125347462537	8	596	0.0139851029592939	312	13122000	70
20220529 021028	0	0	0	1	hist	lossguide	256	0	1	0.0105244441237378	0.885612542120563	7	1024	0.011374313364783	115	13109000	106
20220528 233550	0	0	0	1	hist	lossguide	256	0	1	0.0102646391746732	0.698207501162897	6	338	0.0122240412169599	240	13071000	45
20220529 022948	0	0	0	1	hist	lossguide	256	0	1	0.0359492317541182	0.246435757660926	10	779	0.0134623117738171	76	13062000	117
20220529 010455	0	0	0	1	hist	lossguide	256	0	1	0.251877195426695	0.559112582177413	7	3	0.0147021678172844	88	13054000	77
20220529 003857	0	0	0	1	hist	lossguide	256	0	1	0.0100469305516832	0.656882930877526	8	3	0.0149319726296576	2103	13044000	66
20220528 232408	0	0	0	1	hist	lossguide	256	0	1	0.0597792007874109	0.211401948135739	10	1023	0.0160139635765993	48	13040000	41
20220529 004658	0	0	0	1	hist	lossguide	256	0	1	0.0106270775482196	0.97726711712678	10	1024	0.0133599772531204	370	13039000	68
20220528 230528	0	0	0	1	hist	lossguide	256	0	1	0.0100318525227616	0.965237979050767	10	76	0.0162235563971695	283	13038000	32
20220528 235916	0	0	0	1	hist	lossguide	256	0	1	0.0101723403540367	0.200590186200764	6	1024	0.0125017573005984	392	13031000	53
20220528 231843	0	0	0	1	hist	lossguide	256	0	1	0.0100375663866704	0.568068225673854	10	118	0.0186357284929103	294	13025000	38
20220529 010431	0	0	0	1	hist	lossguide	256	0	1	0.299264913376699	0.45549944191497	8	2	0.0118919583972061	114	13009000	76
20220529 012745	0	0	0	1	hist	lossguide	256	0	1	0.01007565733808	0.24899095417631	10	1024	0.0167628135926705	372	12978000	90
20220529 001417	0	0	0	1	hist	lossguide	256	0	1	0.0882872946743893	0.590735126976038	10	1023	0.0141763763890229	29	12949000	59
20220529 022232	0	0	0	1	hist	lossguide	256	0	1	0.243483890520539	0.492670066817885	10	3	0.0143884095970525	252	12911000	114
20220528 230148	0	0	0	1	hist	lossguide	256	0	1	0.01001403022606	0.256068885521129	10	2	0.0122370981670697	2521	12890000	31
20220529 014656	0	0	0	1	hist	lossguide	256	0	1	0.170671388897278	0.320050029882055	8	2	0.0149509719300224	158	12870000	98
20220529 005215	0	0	0	1	hist	lossguide	256	0	1	0.0100732447984387	0.571576310526906	6	2	0.0139045510376694	2405	12863000	69
20220528 235453	0	0	0	1	hist	lossguide	256	0	1	0.0513853400831536	0.61945909417786	8	2	0.0159111276428859	370	12850000	52
20220529 021607	0	0	0	1	hist	lossguide	256	0	1	0.0100905786125581	0.550982300727594	5	679	0.0142797877295994	185	12829000	109
20220529 010855	0	0	0	1	hist	lossguide	256	0	1	0.299264208298856	0.510035701034355	8	2	0.0179581958129565	77	12805000	80
20220529 014155	0	0	0	1	hist	lossguide	256	0	1	0.0218614087909767	0.54462852646467	7	2	0.0128814998353666	970	12800000	95
20220528 230758	0	0	0	1	hist	lossguide	256	0	1	0.0311735115280778	0.708662661391094	9	1021	0.0156384979441022	76	12777000	34
20220529 000615	0	0	0	1	hist	lossguide	256	0	1	0.0100264599438402	0.370034888225093	7	2	0.0156258788376321	1336	12775000	55
20220529 001904	0	0	0	1	hist	lossguide	256	0	1	0.0101313365183967	0.993330048244105	8	2	0.0125548312469749	1993	12772000	60
20220529 011035	0	0	0	1	hist	lossguide	256	0	1	0.0501774982164923	0.766314210029494	10	1005	0.0126189934628125	52	12762000	83
20220529 013511	0	0	0	1	hist	lossguide	256	0	1	0.0102193044824376	0.999136221595622	5	390	0.0117477677103756	154	12759000	92
20220529 013538	0	0	0	1	hist	lossguide	256	0	1	0.166533071251707	0.553501433387422	8	24	0.014616896461756	18	12740000	93
20220528 234114	0	0	0	1	hist	lossguide	256	0	1	0.0102571185407099	0.786494708311108	10	2	0.0190269282055572	2334	12736000	46
20220529 015846	0	0	0	1	hist	lossguide	256	0	1	0.0121855191740419	0.200614840114786	8	90	0.0145605269093852	219	12732000	102
20220529 013925	0	0	0	1	hist	lossguide	256	0	1	0.0115558729361565	0.447183036275336	9	2	0.0146483104133555	1524	12724000	94
20220529 021755	0	0	0	1	hist	lossguide	256	0	1	0.0581592123637369	0.57257209792966	7	1024	0.016172631665439	29	12710000	111
20220529 002929	0	0	0	1	hist	lossguide	256	0	1	0.0587300655764215	0.288539490980758	7	1024	0.0127933364812407	65	12683000	64
20220528 232846	0	0	0	1	hist	lossguide	256	0	1	0.0100866794536479	0.872669939950292	5	2	0.0155885155625728	1895	12668000	42
20220528 223304	0	0	0	1	hist	lossguide	256	0	1	0.0749828831164824	0.946327375396446	7	1024	0.00834387251184889	18	12661000	21
20220528 223758	0	0	0	1	hist	lossguide	256	0	1	0.0124942949657608	0.999776624498754	6	767	0.00861631060038805	188	12659000	24
20220529 010915	0	0	0	1	hist	lossguide	256	0	1	0.297005753641928	0.742144906404981	9	5	0.0134208071481109	35	12658000	81
20220529 011102	0	0	0	1	hist	lossguide	256	0	1	0.292628386969343	0.993272317884358	10	3	0.014969308252679	108	12646000	84
20220529 022144	0	0	0	1	hist	lossguide	256	0	1	0.0101153609079709	0.248492412976615	6	643	0.00834902764104561	57	12614000	113
20220529 021827	0	0	0	1	hist	lossguide	256	0	1	0.299974804692189	0.944613557444573	7	3	0.0165420365821445	119	12546000	112
20220529 020704	0	0	0	1	hist	lossguide	256	0	1	0.0100247896412975	0.20768513835822	4	666	0.0145685288524205	129	12475000	105
20220529 011722	0	0	0	1	hist	lossguide	256	0	1	0.0126804884164406	0.739986424948417	6	1024	0.00847359179905274	61	12440000	87
20220529 015912	0	0	0	1	hist	lossguide	256	0	1	0.120927115618746	0.200313016009246	5	8	0.0163701058123643	48	12437000	103
20220528 223357	0	0	0	1	hist	lossguide	256	0	1	0.0490944061733529	0.804648066328937	7	3	0.00835386707154462	246	12274000	22
20220528 224008	0	0	0	1	hist	lossguide	256	0	1	0.0171521714364979	0.998711697278733	5	1021	0.0083469003987792	27	12244000	25
20220528 223440	0	0	0	1	hist	lossguide	256	0	1	0.0622952874727652	0.462837539140826	7	844	0.0083350491828878	7	12217000	23
20220529 013120	0	0	0	1	hist	lossguide	256	0	1	0.0105717545136703	0.93129934112589	10	595	0.00839148554442572	258	12127000	91
20220529 012352	0	0	0	1	hist	lossguide	256	0	1	0.0138721742942477	0.99458328061573	6	1024	0.0170829993384699	153	12116000	89
20220528 235352	0	0	0	1	hist	lossguide	256	0	1	0.0406370629427519	0.493822424009163	10	1024	0.0206902992397528	65	12094000	51
20220529 015551	0	0	0	1	hist	lossguide	256	0	1	0.0830336221045795	0.200054688308786	5	359	0.00925105807601425	27	12013000	101
20220528 222856	0	0	0	1	hist	lossguide	256	0	1	0.0658634967816761	0.770406375806779	4	588	0.00849464620502355	12	11848000	16
20220529 023300	0	0	0	1	hist	lossguide	256	0	1	0.299960222317302	0.914393571675541	10	4	0.021384663091126	38	11830000	120
20220528 235249	0	0	0	1	hist	lossguide	256	0	1	0.162189782004783	0.252431292560076	10	1023	0.0111309015003736	30	11823000	50
20220529 023015	0	0	0	1	hist	lossguide	256	0	1	0.15276648688997	0.200028459642735	8	13	0.0200265862811696	40	11734000	118
20220528 223217	0	0	0	1	hist	lossguide	256	0	1	0.262157775356784	0.207046325877309	10	19	0.0148252854128562	15	11659000	20
20220528 224047	0	0	0	1	hist	lossguide	256	0	1	0.109809442220534	0.99908070780483	7	756	0.00838859124441867	29	11590000	26
20220529 022610	0	0	0	1	hist	lossguide	256	0	1	0.0100317930063437	0.999827406098579	8	2	0.0268206589911845	1446	11549000	115
20220528 222713	0	0	0	1	hist	lossguide	256	0	1	0.0460706076488132	0.260869212523103	7	290	0.0210464212471076	63	11501000	13
20220528 231139	0	0	0	1	hist	lossguide	256	0	1	0.280922913176715	0.537701633351259	10	1024	0.0146078025675693	13	11477000	36
20220528 233155	0	0	0	1	hist	lossguide	256	0	1	0.0370802334279544	0.625669555449055	10	2	0.00837647552799844	807	11193000	44
20220528 221854	0	0	0	1	hist	lossguide	256	0	1	0.157156307739206	0.454935182360932	5	790	0.0202562419416305	13	10941000	3
20220529 021058	0	0	0	1	hist	lossguide	256	0	1	0.196849942964185	0.200650119885625	6	123	0.0131912140419329	11	10873000	107
20220529 011450	0	0	0	1	hist	lossguide	256	0	1	0.291474442780569	0.99826557162003	10	1012	0.00834200054947712	9	10575000	86
20220528 222229	0	0	0	1	hist	lossguide	256	0	1	0.119246932247421	0.286557921450585	8	876	0.0287840316426203	18	10190000	9
20220528 222738	0	0	0	1	hist	lossguide	256	0	1	0.244268685384188	0.581185477981344	8	664	0.0263160470693644	10	10172000	14
20220528 221924	0	0	0	1	hist	lossguide	256	0	1	0.199197355909855	0.898889952274039	10	486	0.0294105971348472	15	9722000	4
20220529 001338	0	0	0	1	hist	lossguide	256	0	1	0.299690234419791	0.200367059317063	5	1004	0.01345433631161	5	9551000	58
20220528 222350	0	0	0	1	hist	lossguide	256	0	1	0.293173837889684	0.845765188047662	3	364	0.0116213823387322	3	9524000	11
20220528 223002	0	0	0	1	hist	lossguide	256	0	1	0.279651967671583	0.93575570769608	2	991	0.013241974771275	5	9387000	18
20220528 221751	0	0	0	1	hist	lossguide	256	0	1	0.0952442964699585	0.667185687925667	7	672	0.0318427375275254	24	9383000	1
20220528 222136	0	0	0	1	hist	lossguide	256	0	1	0.099435953600565	0.601552277617156	2	66	0.0232534249046391	43	8906000	7
20220528 221820	0	0	0	1	hist	lossguide	256	0	1	0.225893747024937	0.839236263819039	6	253	0.036001910653431	8	8247000	2
20220528 222013	0	0	0	1	hist	lossguide	256	0	1	0.144691506484756	0.513573562800884	1	562	0.0186455180262177	7	7087000	5
20220528 222322	0	0	0	1	hist	lossguide	256	0	1	0.0743847734051524	0.544600986298174	6	429	0.0407684261605027	54	7038000	10
20220528 222610	0	0	0	1	hist	lossguide	256	0	1	0.0181846788725816	0.753996659070253	9	834	0.045012871780879	174	6929000	12
20220528 222931	0	0	0	1	hist	lossguide	256	0	1	0.13516009071935	0.972586984662339	5	348	0.0471306004978639	13	6670000	17
20220528 222806	0	0	0	1	hist	lossguide	256	0	1	0.235782920597936	0.359927528705448	4	196	0.0499588589251895	9	5850000	15
20220528 223156	0	0	0	1	hist	lossguide	256	0	1	0.0296425207192078	0.377616382958367	1	962	0.0334445887861269	39	5018000	19
20220528 222047	0	0	0	1	hist	lossguide	256	0	1	0.194542225673329	0.426528780441731	0	131	0.0392175467185249	4	3365000	6
20220528 222156	0	0	0	1	hist	lossguide	256	0	1	0.176442621477298	0.717574946153909	0	766	0.0425288321164165	1	1350000	8
