fecha	gamma	alpha	lambda	subsample	tree_method	grow_policy	max_bin	max_leaves	scale_pos_weight	eta	colsample_bytree	min_child_weight	max_depth	prob_corte	nrounds	ganancia	iteracion
20220529 042249	0	0	0	1	auto	depthwise	256	0	1	0.0102940040920756	0.713810859383497	10	30	0.0124180745182116	195	13863000	35
20220529 031621	0	0	0	1	auto	depthwise	256	0	1	0.0100235661073753	0.989012630044871	10	4	0.0134312493826221	556	13571000	32
20220529 151821	0	0	0	1	auto	depthwise	256	0	1	0.0100320170124855	0.716477234212262	10	27	0.0133182606091317	166	13556000	51
20220529 064737	0	0	0	1	auto	depthwise	256	0	1	0.01002740506415	0.417788353317352	10	30	0.0135750389338766	323	13508000	39
20220530 080333	0	0	0	1	auto	depthwise	256	0	1	0.0100593154104472	0.489374935587367	10	16	0.0128758997059601	172	13491000	77
20220529 013115	0	0	0	1	auto	depthwise	256	0	1	0.0100058952670711	0.916751236626152	10	12	0.0135710744649324	222	13483000	27
20220530 090048	0	0	0	1	auto	depthwise	256	0	1	0.0101192503541407	0.680044488269199	10	30	0.0127698576747326	194	13462000	83
20220530 122631	0	0	0	1	auto	depthwise	256	0	1	0.0226700688254616	0.762988399520749	9	30	0.01249281280899	96	13396000	85
20220529 001411	0	0	0	1	auto	depthwise	256	0	1	0.0672538495542249	0.232968851290643	6	4	0.0157624940189028	102	13388000	20
20220529 134704	0	0	0	1	auto	depthwise	256	0	1	0.0100373687620841	0.663532152436532	9	30	0.0125845854301883	191	13371000	45
20220529 055420	0	0	0	1	auto	depthwise	256	0	1	0.0100194462113008	0.50112170965672	10	27	0.0117916326136112	405	13349000	37
20220530 022020	0	0	0	1	auto	depthwise	256	0	1	0.0106327090068046	0.999738498122949	9	2	0.0153925653052333	839	13321000	59
20220529 135903	0	0	0	1	auto	depthwise	256	0	1	0.0294456983117181	0.996479869181217	7	4	0.0133097633763358	246	13310000	46
20220529 023947	0	0	0	1	auto	depthwise	256	0	1	0.0100246371007503	0.20139957666005	10	13	0.0137182759791192	532	13300000	30
20220530 073839	0	0	0	1	auto	depthwise	256	0	1	0.0103969039689741	0.373526364127442	5	30	0.0124794511841387	187	13272000	76
20220530 144952	0	0	0	1	auto	depthwise	256	0	1	0.0104059037874899	0.349030805850187	10	25	0.014485462680672	317	13251000	93
20220529 032353	0	0	0	1	auto	depthwise	256	0	1	0.0100328364099573	0.202972513354396	6	2	0.0134292953742295	972	13243000	33
20220529 021632	0	0	0	1	auto	depthwise	256	0	1	0.0101191641667735	0.998812665817866	9	14	0.0130891598886089	176	13235000	28
20220529 065658	0	0	0	1	auto	depthwise	256	0	1	0.0333252848115595	0.957942804819225	7	2	0.0137133693262635	273	13226000	42
20220530 132444	0	0	0	1	auto	depthwise	256	0	1	0.0100653210959203	0.43382760387063	10	6	0.0122470936974369	208	13223000	89
20220528 230303	0	0	0	1	auto	depthwise	256	0	1	0.0128551089403918	0.626109100561589	7	12	0.0132848708415016	185	13191000	10
20220530 032421	0	0	0	1	auto	depthwise	256	0	1	0.0101687929786793	0.221701576198449	5	10	0.013330126573109	304	13177000	63
20220529 004630	0	0	0	1	auto	depthwise	256	0	1	0.0206659591699411	0.294403794204388	8	7	0.0160515560150364	162	13165000	24
20220530 042339	0	0	0	1	auto	depthwise	256	0	1	0.0279475823944142	0.200890153147264	4	3	0.0180027733064617	706	13130000	66
20220530 131055	0	0	0	1	auto	depthwise	256	0	1	0.0100051741040606	0.479711850456055	7	11	0.0146770886469383	174	13125000	88
20220530 030855	0	0	0	1	auto	depthwise	256	0	1	0.0100432451310498	0.652278680102064	6	30	0.0110851048579449	175	13115000	61
20220529 034343	0	0	0	1	auto	depthwise	256	0	1	0.0120590075371854	0.205893132484397	7	30	0.0131755699005037	420	13113000	34
20220529 001731	0	0	0	1	auto	depthwise	256	0	1	0.0705075357590963	0.527011505393819	8	2	0.0131914009789071	248	13100000	21
20220529 143923	0	0	0	1	auto	depthwise	256	0	1	0.0105217191263786	0.200421715021262	6	17	0.0135772514005822	344	13082000	50
20220530 082119	0	0	0	1	auto	depthwise	256	0	1	0.217569053702684	0.200089724029183	8	2	0.0158807579975983	52	13072000	82
20220529 051608	0	0	0	1	auto	depthwise	256	0	1	0.0101060622100644	0.996195475865244	10	30	0.0131364555604492	178	13068000	36
20220530 062320	0	0	0	1	auto	depthwise	256	0	1	0.0489352952035265	0.470230035750591	4	3	0.0119077067076396	249	13066000	73
20220529 024857	0	0	0	1	auto	depthwise	256	0	1	0.0511313539178912	0.675456493792147	10	12	0.0139530483680829	76	13046000	31
20220529 152008	0	0	0	1	auto	depthwise	256	0	1	0.066943747543033	0.200054437215731	3	2	0.0137012622128892	206	13017000	52
20220529 005037	0	0	0	1	auto	depthwise	256	0	1	0.0523350193782253	0.200517719265292	7	2	0.0198887195215473	294	13016000	26
20220529 215328	0	0	0	1	auto	depthwise	256	0	1	0.0104643410540108	0.200323167921006	10	2	0.0172640639634867	577	12992000	56
20220529 142159	0	0	0	1	auto	depthwise	256	0	1	0.0103318238372686	0.229926740939188	10	30	0.0121675062956901	462	12973000	49
20220530 134247	0	0	0	1	auto	depthwise	256	0	1	0.0127705330096858	0.71845977937557	6	6	0.0123293321092504	200	12967000	90
20220529 003916	0	0	0	1	auto	depthwise	256	0	1	0.0100343995525513	0.618136375622965	6	2	0.0159805771942441	1400	12955000	23
20220530 044535	0	0	0	1	auto	depthwise	256	0	1	0.0106395166884908	0.962323160099417	4	2	0.0123661916647937	1103	12905000	67
20220530 142425	0	0	0	1	auto	depthwise	256	0	1	0.0103811929293176	0.445258631105829	7	30	0.0117252377621063	265	12885000	92
20220530 082034	0	0	0	1	auto	depthwise	256	0	1	0.299756416248834	0.999425923235177	10	2	0.0132069342009425	61	12881000	81
20220529 135951	0	0	0	1	auto	depthwise	256	0	1	0.299783723480502	0.200624824556439	5	2	0.0174707494669297	62	12873000	47
20220530 041729	0	0	0	1	auto	depthwise	256	0	1	0.0104321457391664	0.20030949647608	10	13	0.0204507307653287	762	12873000	65
20220530 070540	0	0	0	1	auto	depthwise	256	0	1	0.0101570207106044	0.999189079119878	10	9	0.0188098770652038	327	12800000	74
20220529 130722	0	0	0	1	auto	depthwise	256	0	1	0.117368379968007	0.998869754707131	10	2	0.0171246918622187	152	12790000	44
20220529 155711	0	0	0	1	auto	depthwise	256	0	1	0.0100871536987937	0.635765054720943	10	30	0.0182093580591621	215	12710000	53
20220530 080822	0	0	0	1	auto	depthwise	256	0	1	0.0149083348961589	0.214085895877381	5	2	0.0245454958303536	567	12702000	78
20220529 155903	0	0	0	1	auto	depthwise	256	0	1	0.299691658496468	0.999792009283493	8	2	0.0133313159841657	58	12682000	54
20220529 064828	0	0	0	1	auto	depthwise	256	0	1	0.298993246725365	0.200262370325844	10	2	0.0183267172529051	76	12676000	40
20220529 004828	0	0	0	1	auto	depthwise	256	0	1	0.142429929354532	0.402156799711275	7	6	0.0144121414551396	24	12673000	25
20220529 222043	0	0	0	1	auto	depthwise	256	0	1	0.0100273717601131	0.323002772823484	4	30	0.00836334091228097	43	12657000	58
20220529 065040	0	0	0	1	auto	depthwise	256	0	1	0.200651077587016	0.999945274446356	10	2	0.0169502262186524	83	12649000	41
20220529 061710	0	0	0	1	auto	depthwise	256	0	1	0.0100284237937542	0.855634127933939	10	3	0.0111040353220161	789	12636000	38
20220529 130355	0	0	0	1	auto	depthwise	256	0	1	0.298612153909304	0.20029184216465	10	2	0.0185244256179794	67	12598000	43
20220530 120352	0	0	0	1	auto	depthwise	256	0	1	0.010013460919718	0.739079001485294	8	2	0.0221601782140631	2345	12594000	84
20220530 022248	0	0	0	1	auto	depthwise	256	0	1	0.299272868503554	0.999082823674229	5	2	0.0130087470322021	99	12530000	60
20220530 070913	0	0	0	1	auto	depthwise	256	0	1	0.0916730372753799	0.999505712363433	5	2	0.0188075310372759	139	12433000	75
20220530 122806	0	0	0	1	auto	depthwise	256	0	1	0.298265798925333	0.717576432160121	6	2	0.0132593859321943	65	12387000	86
20220529 022255	0	0	0	1	auto	depthwise	256	0	1	0.0619675603392607	0.973889666249539	10	2	0.0238014941731599	342	12333000	29
20220530 124819	0	0	0	1	auto	depthwise	256	0	1	0.299904846626311	0.71875730940816	7	2	0.0135891799492539	78	12275000	87
20220530 134959	0	0	0	1	auto	depthwise	256	0	1	0.0214554165431291	0.556821457881166	10	2	0.0252693040659348	513	12165000	91
20220529 002045	0	0	0	1	auto	depthwise	256	0	1	0.0424758951690862	0.306265778544097	7	8	0.00833477900329107	13	12039000	22
20220530 045556	0	0	0	1	auto	depthwise	256	0	1	0.0101083377132098	0.236280193079352	10	2	0.0289940728912194	1413	12016000	68
20220530 035632	0	0	0	1	auto	depthwise	256	0	1	0.0102334298881875	0.742644202978934	10	30	0.00834270253868996	43	11994000	64
20220528 235147	0	0	0	1	auto	depthwise	256	0	1	0.25344096794154	0.830026707574725	7	7	0.0203337430915174	18	11944000	16
20220530 061633	0	0	0	1	auto	depthwise	256	0	1	0.0101855211908899	0.206686430724068	0	2	0.00834570717192102	1217	11768000	71
20220528 220808	0	0	0	1	auto	depthwise	256	0	1	0.21177735236811	0.426368238646537	9	16	0.0187278466080898	10	11714000	2
20220529 000744	0	0	0	1	auto	depthwise	256	0	1	0.13095591425756	0.460125714195892	8	30	0.00866466456985412	8	11637000	18
20220528 223434	0	0	0	1	auto	depthwise	256	0	1	0.144907790300436	0.699809501813725	4	2	0.0276844504037096	337	11634000	8
20220529 140123	0	0	0	1	auto	depthwise	256	0	1	0.29807446561827	0.29482524060041	7	2	0.0245776749793725	184	11586000	48
20220529 215752	0	0	0	1	auto	depthwise	256	0	1	0.261450467617184	0.630789470962933	10	30	0.0128462511938616	17	11527000	57
20220530 060743	0	0	0	1	auto	depthwise	256	0	1	0.0101930807013979	0.997160130506635	8	2	0.0291842224867081	843	11489000	70
20220530 030951	0	0	0	1	auto	depthwise	256	0	1	0.285982963095013	0.200183066053709	3	2	0.00836389165636739	85	11474000	62
20220529 160300	0	0	0	1	auto	depthwise	256	0	1	0.293585336216972	0.665458998378611	10	30	0.0128472662377755	13	11091000	55
20220530 081624	0	0	0	1	auto	depthwise	256	0	1	0.0100544492453732	0.201576841860404	5	2	0.0344530105995321	1039	11090000	79
20220530 054843	0	0	0	1	auto	depthwise	256	0	1	0.0101845299980171	0.741953225491802	10	30	0.0278413748115163	378	11065000	69
20220530 061839	0	0	0	1	auto	depthwise	256	0	1	0.299755021815688	0.826258462814182	10	2	0.0274526587414172	105	10883000	72
20220530 081840	0	0	0	1	auto	depthwise	256	0	1	0.294455550485365	0.200080253586236	4	30	0.0106350718434245	15	10709000	80
20220528 223659	0	0	0	1	auto	depthwise	256	0	1	0.223066077651223	0.300707803703845	4	14	0.0265484652506226	13	9534000	9
20220528 234125	0	0	0	1	auto	depthwise	256	0	1	0.0764699372692266	0.954504174394533	1	29	0.0123799885322417	42	9426000	13
20220528 234839	0	0	0	1	auto	depthwise	256	0	1	0.230437762321206	0.259402298135683	10	20	0.0369591558914787	12	8726000	15
20220528 220521	0	0	0	1	auto	depthwise	256	0	1	0.188301019475097	0.588017113720998	2	11	0.0241666583048451	11	8648000	1
20220529 000349	0	0	0	1	auto	depthwise	256	0	1	0.0385368862132309	0.996091582635418	0	6	0.0328104239393724	123	8583000	17
20220528 222119	0	0	0	1	auto	depthwise	256	0	1	0.165194272357621	0.547572777466849	6	23	0.034590290451888	15	8573000	5
20220528 231949	0	0	0	1	auto	depthwise	256	0	1	0.0509592738277279	0.8996085543558	5	25	0.0386850041196643	47	8224000	11
20220528 223008	0	0	0	1	auto	depthwise	256	0	1	0.267522884218954	0.79921170967631	9	9	0.0411483922279634	11	8010000	7
20220528 232421	0	0	0	1	auto	depthwise	256	0	1	0.113638655014453	0.753905182331801	10	8	0.0493144808482612	35	7924000	12
20220529 001207	0	0	0	1	auto	depthwise	256	0	1	0.27292544056999	0.646381103741005	3	24	0.0419167231841129	2	7760000	19
20220528 221630	0	0	0	1	auto	depthwise	256	0	1	0.292429218139034	0.382906733611599	5	16	0.0444500198306438	4	7689000	4
20220528 234643	0	0	0	1	auto	depthwise	256	0	1	0.0930951738544973	0.334104634914547	1	27	0.0310542063467437	14	6232000	14
20220528 221405	0	0	0	1	auto	depthwise	256	0	1	0.111004153680871	0.505287274802104	3	18	0.0477367958117005	25	5879000	3
20220528 222652	0	0	0	1	auto	depthwise	256	0	1	0.174945208559162	0.854412411917001	0	21	0.0210488384992156	1	4661000	6
